1419771931
1419771943
1419771953
1419771959
1419771967
1419771971
1419772027
1419772117
1419772147
1419772157
1419772297
1419772307
1419772337
1419772363
1419772373
1419772423
1419772429
1419772447
1419772463
1419772483
1419772513
1419772531
1419772537
1419772553
1419772579
1419772591
1419772597
1419772649
1419772661
1419772687
1419772733
1419772741
1419772747
1419772763
1419772771
1419772787
1419772811
1419772817
1419772847
1419772859
1419772877
1419772883
1419772927
1419772979
1419773021
1419773023
1419773077
1419773083
1419773087
1419773143
1419773221
1419773293
1419773317
1419773323
1419773359
1419773363
1419773389
1419773393
1419773401
1419773429
1419773473
1419773489
1419773491
1419773497
1419773507
1419773519
1419773533
1419773549
1419773599
1419773609
1419773611
1419773639
1419773669
1419773671
1419773687
1419773711
1419773737
1419773741
1419773807
1419773821
1419773827
1419773843
1419773893
1419773897
1419773951
1419773959
1419774011
1419774067
1419774077
1419774089
1419774113
1419774143
1419774157
1419774163
1419774197
1419774241
1419774247
1419774253
1419774269
1419774283
1419774311
1419774313
1419774319
1419774331
1419774341
1419774347
1419774361
1419774371
1419774403
1419774409
1419774413
1419774427
1419774437
1419774439
1419774467
1419774523
1419774539
1419774541
1419774589
1419774593
1419774599
1419774607
1419774641
1419774647
1419774739
1419774757
1419774781
1419774787
1419774799
1419774809
1419774847
1419774871
1419774893
1419774899
1419774911
1419774931
1419774947
1419774949
1419775117
1419775121
1419775177
1419775187
1419775193
1419775207
1419775237
1419775241
1419775277
1419775297
1419775307
1419775309
1419775327
1419775337
1419775363
1419775369
1419775397
1419775459
1419775471
1419775499
1419775523
1419775547
1419775561
1419775571
1419775657
1419775681
1419775691
1419775699
1419775751
1419775801
1419775807
1419775891
1419775897
1419775909
1419775933
1419775943
1419775949
1419775979
1419775991
1419776011
1419776023
1419776041
1419776077
1419776143
1419776203
1419776207
1419776209
1419776213
1419776219
1419776221
1419776231
1419776263
1419776299
1419776341
1419776353
1419776357
1419776359
1419776363
1419776381
1419776401
1419776417
1419776429
1419776447
1419776467
1419776483
1419776497
1419776507
1419776513
1419776551
1419776569
1419776587
1419776593
1419776629
1419776639
1419776651
1419776671
1419776689
1419776713
1419776717
1419776723
1419776749
1419776759
1419776783
1419776791
1419776801
1419776803
1419776837
1419776857
1419776863
1419776873
1419776899
1419776903
1419776909
1419776921
1419776933
1419776951
1419776971
1419776977
1419777043
1419777089
1419777113
1419777127
1419777173
1419777179
1419777187
1419777199
1419777251
1419777259
1419777319
1419777361
1419777367
1419777391
1419777421
1419777461
1419777473
1419777517
1419777529
1419777547
1419777571
1419777581
1419777599
1419777613
1419777631
1419777659
1419777683
1419777707
1419777713
1419777761
1419777767
1419777769
1419777791
1419777817
1419777823
1419777839
1419777851
1419777871
1419777881
1419777893
1419777901
1419777917
1419777941
1419777979
1419778049
1419778051
1419778057
1419778081
1419778091
1419778099
1419778117
1419778127
1419778141
1419778159
1419778169
1419778177
1419778187
1419778189
1419778223
1419778271
1419778279
1419778313
1419778333
1419778351
1419778357
1419778361
1419778369
1419778379
1419778391
1419778403
1419778421
1419778457
1419778487
1419778489
1419778499
1419778543
1419778561
1419778571
1419778573
1419778583
1419778589
1419778603
1419778631
1419778643
1419778651
1419778697
1419778727
1419778747
1419778777
1419778849
1419778861
1419778879
1419778903
1419778907
1419778939
1419778957
1419778963
1419778979
1419778981
1419779003
1419779017
1419779033
1419779069
1419779077
1419779093
1419779099
1419779107
1419779113
1419779143
1419779147
1419779171
1419779177
1419779183
1419779233
1419779279
1419779311
1419779329
1419779371
1419779381
1419779393
1419779399
1419779437
1419779467
1419779479
1419779539
1419779551
1419779561
1419779563
1419779623
1419779639
1419779653
1419779663
1419779671
1419779681
1419779689
1419779729
1419779749
1419779761
1419779771
1419779773
1419779783
1419779789
1419779791
1419779797
1419779831
1419779869
1419779951
1419780013
1419780023
1419780029
1419780053
1419780079
1419780083
1419780097
1419780101
1419780151
1419780157
1419780161
1419780181
1419780203
1419780209
1419780221
1419780223
1419780233
1419780247
1419780269
1419780281
1419780283
1419780287
1419780293
1419780361
1419780389
1419780413
1419780437
1419780469
1419780499
1419780541
1419780553
1419780581
1419780601
1419780623
1419780629
1419780631
1419780647
1419780697
1419780701
1419780709
1419780743
1419780763
1419780787
1419780797
1419780829
1419780839
1419780863
1419780877
1419780883
1419780899
1419780911
1419780931
1419780953
1419780991
1419781003
1419781021
1419781037
1419781049
1419781063
1419781067
1419781079
1419781109
1419781141
1419781171
1419781199
1419781201
1419781219
1419781241
1419781273
1419781309
1419781313
1419781351
1419781373
1419781393
1419781399
1419781411
1419781423
1419781463
1419781471
1419781481
1419781591
1419781633
1419781709
1419781711
1419781733
1419781747
1419781757
1419781777
1419781837
1419781849
1419781889
1419781901
1419781903
1419781933
1419781939
1419781949
1419781963
1419781991
1419781999
1419782027
1419782069
1419782083
1419782141
1419782159
1419782191
1419782209
1419782227
1419782257
1419782297
1419782311
1419782321
1419782359
1419782363
1419782369
1419782383
1419782401
1419782411
1419782437
1419782449
1419782459
1419782509
1419782521
1419782531
1419782569
1419782579
1419782587
1419782599
1419782641
1419782653
1419782677
1419782681
1419782717
1419782723
1419782753
1419782789
1419782803
1419782839
1419782843
1419782873
1419782887
1419782929
1419782989
1419782993
1419783007
1419783011
1419783017
1419783041
1419783047
1419783049
1419783161
1419783179
1419783187
1419783199
1419783221
1419783263
1419783289
1419783311
1419783317
1419783329
1419783397
1419783401
1419783427
1419783437
1419783439
1419783457
1419783461
1419783467
1419783511
1419783517
1419783523
1419783529
1419783551
1419783553
1419783559
1419783593
1419783637
1419783719
1419783737
1419783773
1419783791
1419783809
1419783811
1419783829
1419783851
1419783853
1419783857
1419783863
1419783877
1419783881
1419783889
1419783913
1419783919
1419783923
1419783929
1419783931
1419783941
1419783961
1419783983
1419783991
1419784031
1419784049
1419784057
1419784061
1419784103
1419784123
1419784147
1419784151
1419784153
1419784183
1419784229
1419784243
1419784307
1419784321
1419784357
1419784361
1419784403
1419784409
1419784423
1419784463
1419784489
1419784517
1419784579
1419784591
1419784643
1419784649
1419784669
1419784741
1419784753
1419784759
1419784783
1419784787
1419784897
1419784901
1419784907
1419784921
1419784967
1419784991
1419785021
1419785057
1419785113
1419785131
1419785149
1419785173
1419785183
1419785221
1419785251
1419785291
1419785303
1419785329
1419785369
1419785387
1419785429
1419785441
1419785453
1419785483
1419785491
1419785513
1419785527
1419785533
1419785557
1419785579
1419785593
1419785603
1419785629
1419785639
1419785669
1419785711
1419785723
1419785743
1419785749
1419785803
1419785819
1419785891
1419785897
1419785933
1419785951
1419785981
1419785989
1419786029
1419786037
1419786097
1419786119
1419786133
1419786139
1419786167
1419786197
1419786239
1419786323
1419786337
1419786359
1419786371
1419786373
1419786377
1419786397
1419786413
1419786451
1419786497
1419786509
1419786523
1419786539
1419786547
1419786559
1419786583
1419786623
1419786661
1419786673
1419786703
1419786707
1419786713
1419786743
1419786779
1419786791
1419786817
1419786833
1419786847
1419786859
1419786869
1419786881
1419786899
1419786919
1419786931
1419786967
1419786971
1419787049
1419787099
1419787121
1419787129
1419787169
1419787189
1419787207
1419787219
1419787247
1419787277
1419787333
1419787337
1419787357
1419787379
1419787393
1419787399
1419787409
1419787427
1419787429
1419787433
1419787477
1419787489
1419787513
1419787517
1419787519
1419787529
1419787531
1419787543
1419787547
1419787591
1419787619
1419787637
1419787651
1419787669
1419787727
1419787753
1419787757
1419787783
1419787801
1419787819
1419787823
1419787841
1419787843
1419787847
1419787849
1419787867
1419787883
1419787909
1419787927
1419787931
1419787961
1419787973
1419788011
1419788017
1419788021
1419788059
1419788101
1419788131
1419788141
1419788143
1419788179
1419788257
1419788273
1419788297
1419788333
1419788339
1419788341
1419788401
1419788407
1419788443
1419788477
1419788479
1419788497
1419788519
1419788581
1419788593
1419788639
1419788651
1419788687
1419788729
1419788761
1419788767
1419788791
1419788801
1419788833
1419788849
1419788861
1419788879
1419788891
1419788939
1419788941
1419788947
1419788957
1419788999
1419789013
1419789023
1419789031
1419789053
1419789061
1419789067
1419789073
1419789089
1419789121
1419789131
1419789199
1419789223
1419789233
1419789317
1419789331
1419789341
1419789353
1419789407
1419789409
1419789431
1419789443
1419789467
1419789473
1419789479
1419789551
1419789559
1419789571
1419789587
1419789589
1419789593
1419789601
1419789607
1419789619
1419789643
1419789647
1419789661
1419789673
1419789689
1419789703
1419789719
1419789733
1419789737
1419789757
1419789827
1419789829
1419789851
1419789869
1419789881
1419789913
1419789941
1419789997
1419790013
1419790019
1419790051
1419790081
1419790087
1419790103
1419790109
1419790117
1419790123
1419790171
1419790193
1419790201
1419790217
1419790237
1419790243
1419790247
1419790249
1419790259
1419790289
1419790301
1419790313
1419790327
1419790349
1419790373
1419790403
1419790417
1419790453
1419790459
1419790511
1419790549
1419790577
1419790579
1419790583
1419790601
1419790609
1419790627
1419790639
1419790643
1419790657
1419790661
1419790663
1419790693
1419790741
1419790777
1419790781
1419790807
1419790829
1419790861
1419790891
1419790901
1419790913
1419790949
1419790987
1419791053
1419791059
1419791129
1419791147
1419791161
1419791201
1419791209
1419791213
1419791221
1419791257
1419791267
1419791273
1419791297
1419791323
1419791339
1419791353
1419791371
1419791377
1419791383
1419791389
1419791393
1419791459
1419791467
1419791519
1419791579
1419791591
1419791603
1419791621
1419791623
1419791641
1419791677
1419791687
1419791699
1419791743
1419791783
1419791809
1419791837
1419791843
1419791851
1419791887
1419791903
1419791917
1419791921
1419791927
1419791939
1419791951
1419791957
1419791983
1419791999
1419792053
1419792097
1419792113
1419792181
1419792191
1419792193
1419792217
1419792251
1419792299
1419792307
1419792313
1419792331
1419792401
1419792419
1419792421
1419792427
1419792457
1419792509
1419792551
1419792557
1419792581
1419792607
1419792617
1419792631
1419792637
1419792641
1419792677
1419792679
1419792713
1419792733
1419792743
1419792767
1419792797
1419792799
1419792811
1419792827
1419792833
1419792851
1419792887
1419792889
1419792911
1419792923
1419792931
1419792947
1419792949
1419792989
1419793021
